run: 196218 lumi: 509 event: 753539223
Crate 00 Link 1  00 00 00 00 00 00 00 00 00 00 00 00 00 00 00 00 00 00 00 00 40 00 00 00
Crate 00 Link 2  00 00 00 00 20 40 06 01 00 20 00 06 01 00 BE 01 00 02 01 00 01 04 00 00
Crate 01 Link 1  00 00 00 00 00 00 00 00 00 00 00 18 00 00 00 00 00 00 00 00 10 00 01 00
Crate 01 Link 2  00 00 00 00 20 00 06 01 00 20 00 06 01 00 FF 01 01 01 02 00 00 02 00 00
Crate 02 Link 1  00 00 00 00 00 00 00 00 00 00 00 00 00 00 40 00 00 00 00 00 00 00 02 00
Crate 02 Link 2  00 00 00 00 20 00 16 01 00 20 00 06 01 00 FF 01 02 06 01 01 02 03 01 00
Crate 03 Link 1  00 00 00 00 00 00 00 00 00 00 00 00 00 00 80 40 00 01 00 40 00 00 01 00
Crate 03 Link 2  00 00 00 00 20 1C 16 05 00 20 00 06 01 00 FF 01 03 02 00 02 01 01 03 00
Crate 04 Link 1  00 00 00 00 00 00 00 00 00 00 10 00 00 00 C0 10 00 00 00 00 20 08 00 00
Crate 04 Link 2  00 00 00 00 20 00 06 01 00 20 00 06 01 00 FA 02 00 00 00 03 00 04 00 00
Crate 05 Link 1  00 00 00 00 00 00 00 00 00 00 20 00 02 00 40 00 08 01 00 40 00 00 04 00
Crate 05 Link 2  00 00 00 00 A0 40 18 05 41 20 00 06 01 00 FF 02 01 02 00 01 01 03 02 00
Crate 06 Link 1  00 00 00 00 00 00 00 00 00 00 00 00 00 00 00 00 00 00 00 40 00 00 00 00
Crate 06 Link 2  00 00 00 00 20 00 06 01 00 20 00 06 01 00 FF 01 01 01 00 01 02 04 02 00
Crate 07 Link 1  00 00 00 00 00 00 00 00 00 00 00 00 00 00 40 00 00 00 01 00 00 00 00 00
Crate 07 Link 2  00 00 00 00 20 00 06 01 00 20 00 06 01 00 FF 04 03 00 01 03 04 01 00 00
Crate 08 Link 1  00 00 00 00 00 00 00 00 00 00 00 04 00 00 00 00 04 00 00 40 00 00 00 00
Crate 08 Link 2  00 00 00 00 20 00 06 01 00 20 00 06 01 00 FF 01 02 03 00 01 02 02 01 00
Crate 09 Link 1  00 00 00 00 00 00 00 00 00 00 00 00 00 01 04 90 14 00 00 80 60 0C 01 00
Crate 09 Link 2  00 00 00 00 20 80 06 8C C1 20 00 06 01 00 FF 01 03 01 01 02 01 05 02 00
Crate 10 Link 1  00 00 00 00 00 00 00 02 00 00 00 00 00 00 00 10 10 00 00 00 00 04 02 00
Crate 10 Link 2  00 00 00 00 20 00 0C 05 41 20 00 06 01 41 FF 01 00 01 00 01 03 01 00 00
Crate 11 Link 1  00 00 00 00 00 00 00 00 00 00 20 00 00 01 40 00 00 00 00 00 10 08 01 00
Crate 11 Link 2  00 00 00 00 20 04 16 01 00 20 00 06 01 00 FF 03 01 01 02 02 02 02 03 00
Crate 12 Link 1  00 00 00 00 00 00 00 00 00 00 00 00 00 00 00 00 00 00 00 40 10 00 00 00
Crate 12 Link 2  00 00 00 00 20 00 06 01 00 20 00 06 01 00 FF 03 03 02 00 01 02 03 01 00
Crate 13 Link 1  00 00 00 00 00 00 00 00 00 00 10 00 01 00 00 20 00 00 11 80 30 00 04 00
Crate 13 Link 2  00 00 00 00 38 40 06 00 81 20 00 06 01 00 FF 01 04 03 05 01 01 01 01 00
Crate 14 Link 1  00 00 00 00 00 00 00 00 00 40 00 00 00 00 00 10 00 00 00 00 00 00 02 00
Crate 14 Link 2  00 00 00 00 20 00 16 01 00 20 00 06 01 00 FF 01 01 03 04 01 04 03 01 00
Crate 15 Link 1  00 00 00 00 00 00 00 00 00 00 00 00 00 00 00 00 00 00 00 00 00 00 00 00
Crate 15 Link 2  00 00 00 00 20 00 06 01 00 20 00 06 01 00 FF 01 02 03 00 02 00 02 00 00
Crate 16 Link 1  00 00 00 00 00 00 00 00 00 00 50 00 00 00 80 00 00 01 00 00 20 00 00 00
Crate 16 Link 2  00 00 00 00 A0 80 07 05 00 20 00 06 01 00 EF 02 00 03 00 02 01 05 00 00
Crate 17 Link 1  00 00 00 00 00 00 00 00 00 00 10 00 03 00 00 00 10 00 00 00 00 00 00 00
Crate 17 Link 2  00 00 00 00 20 00 06 01 41 20 00 06 01 00 FF 00 00 01 01 02 01 02 00 00
run: 196218 lumi: 509 event: 753585983
Crate 00 Link 1  00 00 00 00 00 00 18 02 00 00 00 00 00 00 80 10 00 00 00 00 00 00 01 00
Crate 00 Link 2  00 00 00 00 20 00 06 03 01 20 00 06 01 00 FF 04 03 06 01 04 04 0A 03 00
Crate 01 Link 1  00 00 00 00 00 00 00 00 00 00 00 00 04 01 80 10 04 06 00 40 00 00 00 00
Crate 01 Link 2  00 00 00 10 20 00 06 01 00 20 00 07 05 00 FF 01 04 03 00 01 04 01 00 00
Crate 02 Link 1  00 00 00 00 00 00 00 00 00 40 00 00 00 00 40 00 04 01 00 00 00 00 00 00
Crate 02 Link 2  00 00 00 00 20 00 06 01 00 20 00 06 01 00 FF 01 08 06 01 01 04 01 01 00
Crate 03 Link 1  00 00 00 00 00 00 00 03 00 00 00 0C 00 00 80 20 18 00 01 00 00 00 00 00
Crate 03 Link 2  00 00 00 00 30 5C 16 05 41 20 00 06 01 00 FF 02 05 03 02 01 02 05 00 00
Crate 04 Link 1  00 00 00 00 00 00 00 00 00 00 00 00 00 00 00 00 00 02 00 00 00 00 00 00
Crate 04 Link 2  00 00 00 00 20 00 06 01 00 20 00 06 01 00 FF 02 04 04 03 02 04 03 01 00
Crate 05 Link 1  00 00 00 00 00 00 00 00 00 40 10 00 00 02 C0 02 9C 03 00 00 00 00 01 00
Crate 05 Link 2  00 00 00 00 20 00 06 01 42 20 00 06 01 7F FF 03 04 02 04 03 05 06 01 00
Crate 06 Link 1  00 00 00 00 00 00 00 00 00 00 00 18 01 00 00 40 04 00 00 40 00 04 03 00
Crate 06 Link 2  00 00 00 00 20 24 36 05 00 20 00 06 01 00 FF 02 06 05 02 01 02 05 05 00
Crate 07 Link 1  00 00 00 00 00 00 00 01 00 00 00 00 00 00 00 10 08 02 00 00 50 04 00 00
Crate 07 Link 2  00 00 00 00 20 80 06 01 01 20 00 06 01 00 FF 01 02 01 03 03 02 05 05 00
Crate 08 Link 1  00 00 00 00 00 00 08 00 00 00 00 00 00 00 40 00 00 04 00 00 20 04 00 00
Crate 08 Link 2  00 00 00 00 20 00 0D 05 01 20 00 06 01 00 FF 01 04 04 01 02 03 03 01 00
Crate 09 Link 1  00 00 00 00 00 00 08 2C 01 C0 00 3C 01 00 80 00 00 00 00 40 20 00 02 00
Crate 09 Link 2  00 00 00 00 B0 40 0D 07 01 20 00 06 01 00 FF 02 05 05 02 02 02 02 03 00
Crate 10 Link 1  00 00 00 00 00 00 00 00 00 00 00 00 01 00 00 00 08 02 00 00 00 04 00 00
Crate 10 Link 2  00 00 00 00 20 00 06 01 41 20 00 06 01 00 FF 04 06 08 01 03 06 09 05 00
Crate 11 Link 1  00 00 00 00 00 00 0C 03 00 00 20 00 28 00 40 00 08 01 00 00 00 00 01 00
Crate 11 Link 2  00 00 00 00 20 21 4D 07 01 20 00 06 01 00 FF 01 01 04 01 05 06 05 00 00
Crate 12 Link 1  00 00 00 00 00 00 10 00 00 00 10 10 01 00 00 00 00 00 00 00 20 04 06 00
Crate 12 Link 2  00 00 00 00 20 24 16 03 41 20 00 06 01 00 FF 01 02 03 01 03 05 03 02 00
Crate 13 Link 1  00 00 00 00 00 00 00 04 00 00 00 00 02 00 00 00 10 00 00 00 10 00 02 00
Crate 13 Link 2  00 00 00 00 20 00 0C 05 42 20 00 06 01 00 FF 04 04 03 02 02 01 05 01 00
Crate 14 Link 1  00 00 00 00 00 00 08 00 00 C0 00 08 00 00 40 10 00 00 00 00 30 0C 00 00
Crate 14 Link 2  00 00 00 00 20 44 19 07 41 20 00 06 01 00 FF 01 01 05 02 01 03 06 01 00
Crate 15 Link 1  00 00 00 00 00 00 00 00 00 00 00 00 00 00 00 00 00 01 01 C0 50 00 02 00
Crate 15 Link 2  00 00 00 08 20 40 06 01 00 20 00 06 01 00 FF 02 02 02 00 02 01 02 04 00
Crate 16 Link 1  00 00 00 00 00 00 00 00 00 00 00 00 00 00 40 10 00 00 00 40 00 0C 01 00
Crate 16 Link 2  00 00 00 00 20 04 16 01 00 20 00 06 01 00 FF 04 03 05 01 02 03 05 03 00
Crate 17 Link 1  00 00 00 00 00 01 60 01 00 00 00 00 00 00 40 00 00 03 00 00 00 00 00 00
Crate 17 Link 2  00 00 00 00 20 00 06 01 01 20 00 06 03 76 FF 02 06 04 01 02 04 03 03 00
